id password no(8) rek999(10) pin(6) no_hp021(9)

owengaze owen21 79621323 9998439234 212121 021789012 80000
yasminfs yasmin30 98213214 9999243123 303030 0217293712 8000000000
gracyads gracya17 912384147 9991203821 171717 021123091 7000000000
rajendraa rajendra08 24324321 9991242076 080808 021034976 110000
kasyfilff kasyfil78 12309887 9991209371 787878 021809142 12000000
arunaayumi aruna20 89132897 9991230982 202020 021902378 50000000
melimeyi meli05 12389540 99988236810 050505 021932740 500000000
chikaac chika77 01279264 9990863874 777777 021832497 24000000
sekaarn sekar09 92614927 9998462947 090909 021735193 85000000
aninditaws anin45 72946153 9998123018 454545 021726491 47000000
angelicaa anggie94 21987862 9991725304 949494 021836281 123900000000
aqilaata qila32 21031842 9995795328 323232 0219234842 400600000
chelvadinda chelva12 13324987 9998217418 121212 021986542 1000000
rhleena lina56 89128104 9991826308 565656 021928471 660980000
maharaneey maha27 12936147 999764098 272727 021875192 76000000
salsabilea icha65 12093753 9991297503 656565 021842482 120000000
abetabet abet01 12471687 9991836816 010101 021839177 4000000
rayhanrr rayhan02 19283765 9991203716 020202 021938163 34000000
afnanye afnan03 13846189 9991827350 030303 021987513 270000000
thoriqqq thoriq04 82615298 9994321609 040404 021837163 150000000
alandmp aland05 71623917 9991735098 050505 021847264 1000000000000
ardracc ardra06 81296519 9991286107 060606 021761927 270000000
atqiyahp qiya07 92172046 9998275019 070707 021912709 900000000
attararu taraa09 12864918 9991840127 090909 021876181 890000000
audraap audra10 42910387 9991024817 101010 021871099 900000000
axeeel shushu11 91201836 999182719 111111 021871287 70000
kbelva belove12 17302746 999182639 121212 021928371 1700000000
fawwazi aziazi13 71629371 999183629 131313 021913719 34000000
bryant bryan14 91820380 9991726197 141414 021918370 24000000
nwchairul irul15 91273618 9991820619 151515 021927162 700000000
christianj chris16 19392812 9991726012 161616 021921888 240000000
daffaaf daffa18 19286480 9992837162 181818 021918267 120000000
davisap davis19 32819381 9991827390 191919 021928164 470000000
dhintoo dhinto20 18917316 9991827361 202020 021938172 650000000
farrelly farrell22 19381739 9991827301 222222 021018273 34500000
fauzanaz ojan23 82749182 9991820391 232323 021928129 9000000000
gymnastiar gygym24 92817261 9998271928 242424 021371820 680000000
hananah hanan25 72619281 9991829276 252525 021817875 100000
hugos hugo26 18271628 9992817265 262626 021928172 245000000
ikhwann ikhwan28 27162508 9991827172 282828 021928160 200000
jasonj jason 29 73618207 9991827039 292929 021928172 4000000000 
jimily jimly31 61282098 9995317904 313131 021928172 126700000
marcellino marcell33 72615200 9991287169 333333 021928119 23000000
maulvea maulvi34 726152917 9991182716 323232 021991820 460000000
nathaniel nathan35 182716259 9991726415 353535 021912817 378000000
nicolasj enje36 81729102 9991827182 363636 021918271 543800
rizqie qie37 92817261 9991827101 373737 021928182 300000
rizqika qika38 18271619 9992817267 383838 021928127 57000000
valentino valen39 18271500 9991827165 393939 021928172 57000000
mrivaldi aldi40 18271920 9991827162 404040 021928172 57400000
prafa rafa41 28201928 9998172817 414141 021923250 789000000